Si       0.124927436   0.124927436   0.124927436
Si       0.375292032   0.375292032   0.124263658
Si       0.375292032   0.124263658   0.375292032
Si       0.124263658   0.375292032   0.375292032
Si      -0.000290852  -0.000290852  -0.000290852
Si       0.249852256   0.249852256  -0.000510811
Si       0.249852256  -0.000510811   0.249852256
Si      -0.000510811   0.249852256   0.249852256
Si       0.124236607   0.124236607   0.626001176
Si       0.367730765   0.367730765   0.636343166
Si       0.373839654   0.121548257   0.877658448
Si       0.121548257   0.373839654   0.877658448
Si      -0.000831855  -0.000831855   0.501126402
Si       0.249157538   0.249157538   0.500124849
Si       0.249022924  -0.001974919   0.750972411
Si      -0.001974919   0.249022924   0.750972411
Si       0.124236607   0.626001176   0.124236607
Si       0.373839654   0.877658448   0.121548257
Si       0.367730765   0.636343166   0.367730765
Si       0.121548257   0.877658448   0.373839654
Si      -0.000831855   0.501126402  -0.000831855
Si       0.249022924   0.750972411  -0.001974919
Si       0.249157538   0.500124849   0.249157538
Si      -0.001974919   0.750972411   0.249022924
Si       0.122861843   0.624774586   0.624774586
Si       0.373059391   0.875148533   0.624177688
Si       0.373059391   0.624177688   0.875148533
Si       0.121941717   0.874620925   0.874620925
Si      -0.002211992   0.499935305   0.499935305
Si       0.244888750   0.753445213   0.499167920
Si       0.244888750   0.499167920   0.753445213
Si      -0.003504415   0.749466914   0.749466914
Si       0.626001176   0.124236607   0.124236607
Si       0.877658448   0.373839654   0.121548257
Si       0.877658448   0.121548257   0.373839654
Si       0.636343166   0.367730765   0.367730765
Si       0.501126402  -0.000831855  -0.000831855
Si       0.750972411   0.249022924  -0.001974919
Si       0.750972411  -0.001974919   0.249022924
Si       0.500124849   0.249157538   0.249157538
Si       0.624774586   0.122861843   0.624774586
Si       0.875148533   0.373059391   0.624177688
Si       0.874620925   0.121941717   0.874620925
Si       0.624177688   0.373059391   0.875148533
Si       0.499935305  -0.002211992   0.499935305
Si       0.753445213   0.244888750   0.499167920
Si       0.749466914  -0.003504415   0.749466914
Si       0.499167920   0.244888750   0.753445213
Si       0.624774586   0.624774586   0.122861843
Si       0.874620925   0.874620925   0.121941717
Si       0.875148533   0.624177688   0.373059391
Si       0.624177688   0.875148533   0.373059391
Si       0.499935305   0.499935305  -0.002211992
Si       0.749466914   0.749466914  -0.003504415
Si       0.753445213   0.499167920   0.244888750
Si       0.499167920   0.753445213   0.244888750
Si       0.625479486   0.625479486   0.625479486
Si       0.873757672   0.873757672   0.622792533
Si       0.873757672   0.622792533   0.873757672
Si       0.622792533   0.873757672   0.873757672
Si       0.747849038   0.747849038   0.497983392
Si       0.747849038   0.497983392   0.747849038
Si       0.497983392   0.747849038   0.747849038
H        0.452556889   0.452556889   0.570606867
H        0.452556889   0.570606867   0.452556889
H        0.570606867   0.452556889   0.452556889
